1.000000000000000000e+00	1.370231124803112863e-02	2.530708496460556955e-02	7.136586027238539000e-03	1.007504221678775513e-01	1.706654539849865315e-02	4.521456148144083198e-02	1.344667206782748994e-02	1.011466069024632430e-01	7.985616285685545601e-02	2.723150951224797417e-02	7.005829796097329427e-03	2.656063729151596220e-02	1.134233550639682057e-02	4.687376091002798395e-02	6.480269329364719832e-03	6.136613487267300604e-02	9.292660583333256161e-03	6.486227800326130333e-02	1.473791040575519150e-02	3.200678162987152797e-02	4.803547853184029202e-04	3.766551534835445997e-02	4.448629713847626621e-02	5.691624843204126476e-03	9.162642563367094650e-02	2.308721846391845189e-02	3.587711630256940065e-02	6.692643108561235898e-02	1.540734225289801945e-02	2.990168502333782549e-02	6.589043740604386135e-02	1.014120214627443894e-02	5.636783557348089974e-02	7.931947457623877984e-02	2.895563072426974010e-03	1.567808351946719126e-03	2.131683242485017671e-02	1.862525821656955006e-03	4.963676813660986703e-02	3.363050422291272851e-02	1.078298620611450181e-02	2.192593524146752362e-02	6.732376005717408303e-03	1.744537371090006464e-02	3.838582702442482064e-02	1.605046402477899913e-03	4.430008789814191689e-02	4.948791586674216453e-02	4.814754291961978461e-02	3.835715264313828161e-03	2.999159706935032935e-02
1.370231124803112863e-02	1.000000000000000000e+00	4.480452063437635746e-02	4.006095797528513164e-02	1.252420949501383829e-01	9.277504105140477186e-02	8.121788434031759762e-02	2.948257907881322859e-02	5.322882190280144726e-02	1.558681636180904440e-01	7.909349616980858311e-02	1.027261083026798257e-02	5.211603587505507507e-02	1.255159425436314091e-01	1.058033631504931293e-01	8.202517650604909021e-05	1.255259895870824288e-02	4.919018936331920333e-02	1.684579585373011806e-02	7.848893164602503691e-02	1.218203400165943501e-01	7.253513225122614188e-04	3.927699911623044188e-02	1.059291585043284217e-01	1.494342458711188648e-01	4.917543506160517060e-03	4.721487249417888332e-02	3.479557563411524862e-02	1.085707786776974812e-02	1.988475891832666431e-01	4.875576727659428761e-02	6.955826494735059540e-02	7.579245371211927595e-02	3.206205215928052688e-02	1.014895037522127036e-01	4.537523704010076918e-05	4.319855313823526242e-03	1.023770922799175226e-01	6.572652516192097755e-03	8.791394856508170930e-02	3.696157191254219321e-02	6.709828415197918727e-02	6.073698516214105086e-02	1.867302670240524390e-02	4.439829779643068158e-02	1.390397339584739655e-01	6.972924473651180003e-07	1.321647050784636734e-01	7.146646797643969873e-02	3.510872206611182628e-02	2.106778205167962950e-02	1.201109686706245822e-01
2.530708496460556955e-02	4.480452063437635746e-02	1.000000000000000000e+00	3.085505355471922576e-02	1.216650245172147954e-01	4.135655901935884199e-02	2.894362361844917131e-01	1.149070964843217427e-02	2.415006335276315697e-01	2.346018241307467334e-01	1.115513254073555033e-01	5.795567197660088550e-03	4.107091637264351780e-01	1.042247924737567388e-01	2.554800486213897326e-01	1.677077832301621628e-03	4.566885468160208211e-02	8.952457494962208495e-02	1.214262960644238720e-01	2.146350623782000144e-01	4.010763523477231529e-01	3.308403262039871589e-04	1.269938361568468954e-01	3.066673228287840058e-01	6.189457213036930749e-02	1.868223947601333271e-02	9.177266733182130876e-02	3.955180386999480879e-02	2.346916260263369122e-02	9.980430724192573821e-02	5.987490789080304049e-02	1.927716700839388897e-01	6.660785244850363218e-02	2.299503123936540994e-01	7.960762264509635422e-02	9.242730982309346494e-04	1.798474982580788428e-03	6.472053518595655142e-02	4.078224998474459448e-03	2.269958967957847462e-01	7.866353034108496123e-02	3.048982494807676857e-02	1.320413858759558745e-01	1.838437856659422623e-02	2.436686681674511343e-02	1.297415938007857872e-01	4.592335893902604459e-05	1.280691456083191682e-01	6.173745122223969067e-02	3.088005852539629781e-02	6.011423062984277629e-03	1.951876133249831613e-01
7.136586027238539000e-03	4.006095797528513164e-02	3.085505355471922576e-02	1.000000000000000000e+00	5.785108305878990109e-02	7.334974239079530833e-02	2.671740123004362130e-02	6.684482602176984763e-03	2.249487816098005508e-02	7.314482965027843675e-02	3.758754894140270419e-02	6.330512973800227899e-03	4.112956121863855369e-02	5.423341594672638488e-02	7.703532048529337928e-02	6.145322507655286398e-05	2.030112563343381554e-02	2.740006915891227135e-02	1.504683241535614835e-02	2.275850696314618560e-02	9.148045571020360645e-02	4.992803271958654032e-03	3.262604834024886852e-02	2.663211401730077726e-02	2.610321964410199785e-02	1.641385472639205530e-03	1.873963809917192705e-02	3.437082792834910555e-02	5.599956163532439010e-03	2.655478254712345665e-02	2.995927496378468155e-02	4.044163633627873011e-02	1.324180935266543527e-02	1.193318488863828394e-02	2.395196339459958190e-02	2.679653835274428976e-05	2.031026402034196744e-03	2.873915722231582676e-02	9.111557344021517513e-02	3.670756281357399203e-02	1.381201890478067802e-02	1.165718078344638309e-01	1.092168197096971861e-02	1.553731375072013587e-02	4.001409360985726249e-02	4.500314942275090296e-02	2.713760994467643212e-07	3.883967960442218093e-02	4.212771977834315479e-02	9.302846812045930530e-03	8.824863191545989638e-03	3.454820639016673023e-02
1.007504221678775513e-01	1.252420949501383829e-01	1.216650245172147954e-01	5.785108305878990109e-02	1.000000000000000000e+00	1.286473213021757100e-01	2.604387151081598017e-01	5.750528225214052158e-02	2.249413692700683587e-01	4.098941470200212489e-01	1.067223297756307449e-01	2.801205035761087855e-02	1.215855168795027114e-01	1.022001391831865724e-01	2.305245998983757594e-01	5.818590107619240129e-04	5.875413412359701409e-02	7.200445705294328258e-02	7.541905370179059764e-02	8.041710335578221291e-02	2.394746799667419046e-01	4.961792350581103669e-03	9.415760269819373196e-02	1.844523866335641138e-01	9.695578126330461899e-02	1.837141777826427694e-02	5.327395625465668194e-02	1.013186214356327636e-01	6.014764859028322308e-02	1.443206521797821273e-01	8.554323984618464327e-02	1.954301077823170918e-01	5.706621701636082483e-02	8.368092072560290307e-02	2.236993345256419463e-01	2.572369394561121753e-04	9.336587366915364769e-03	1.055354040860374959e-01	1.085440932278359041e-02	3.235354962557642211e-01	4.140707510250347945e-02	8.819073999016525944e-02	5.412476064197871417e-02	2.431047799516935018e-02	7.505790831825494280e-02	1.596835317572452284e-01	1.472751080693501050e-05	6.217014242624857578e-01	2.292950650919687861e-01	5.737623921726632548e-02	3.612185339210209623e-02	1.684387024130825916e-01
1.706654539849865315e-02	9.277504105140477186e-02	4.135655901935884199e-02	7.334974239079530833e-02	1.286473213021757100e-01	1.000000000000000000e+00	4.880807264776353821e-02	2.041614999309343537e-02	5.871425975494175276e-02	1.044985679723996891e-01	5.849756012570236224e-02	1.793705696932828761e-02	3.850705543109650408e-02	9.554358406269075621e-02	1.193015638589600275e-01	7.181116637648919914e-05	2.863611905803912713e-02	3.699433737056427585e-02	1.532136400666475259e-02	4.095221482949875508e-02	1.064302086592458368e-01	9.287329338074332835e-03	5.004947369711485600e-02	5.660202036596629488e-02	6.744989872508010131e-02	4.810449486845100320e-03	1.817770146941787360e-02	7.659802061959980479e-02	1.914562867074899935e-02	8.308485338922494412e-02	2.571849005587537387e-02	3.941306831530529131e-02	1.304327603259035351e-02	1.600926711792664478e-02	7.311672454540524280e-02	2.680861947707365343e-05	8.166754471735624549e-03	3.671884761518676848e-02	2.733655693885476967e-02	1.361279417699256811e-01	1.440581482258632140e-02	9.180721130080866932e-02	1.411753245247688270e-02	1.037824804323948802e-02	4.200151200086775505e-02	1.074938951448771302e-01	4.062851815694314079e-07	1.191139092470921979e-01	4.735521333769186769e-02	1.418496371506178765e-02	6.591815048998948823e-02	1.119655491339353742e-01
4.521456148144083198e-02	8.121788434031759762e-02	2.894362361844917131e-01	2.671740123004362130e-02	2.604387151081598017e-01	4.880807264776353821e-02	1.000000000000000000e+00	3.537857835302294501e-02	2.470459543335847830e-01	2.078344540314201183e-01	1.073812564175069539e-01	1.096218743587638357e-02	2.205407385574612578e-01	1.035786837032392632e-01	2.174560804124056335e-01	9.446229982227669205e-04	5.599793005223399622e-02	9.504662701036245553e-02	1.098393258606317063e-01	1.589292304579117410e-01	3.037676760364664275e-01	8.907195059648055288e-04	1.037410829848113281e-01	2.145523143668193189e-01	7.656564863741326110e-02	1.531650190056270226e-02	6.260336486618915675e-02	5.897251122014837005e-02	3.233720169371555320e-02	1.194890359941385288e-01	7.735822854838206308e-02	1.781834670130938714e-01	9.885118649782073663e-02	1.459875613817601947e-01	9.502068163648401400e-02	4.190552416921298432e-04	2.989513511035674347e-03	1.122428227451234967e-01	3.909974891521649995e-03	2.532712978793709158e-01	3.451988872168682693e-02	3.705992907423517890e-02	1.083957229932801386e-01	1.889330196977954610e-02	3.390132300173437363e-02	1.137868888746668694e-01	2.423429483849827339e-05	2.469555049862973417e-01	1.886853556954409261e-01	5.003181215362258183e-02	1.114230996793733400e-02	1.556629565902979961e-01
1.344667206782748994e-02	2.948257907881322859e-02	1.149070964843217427e-02	6.684482602176984763e-03	5.750528225214052158e-02	2.041614999309343537e-02	3.537857835302294501e-02	1.000000000000000000e+00	3.322684544384846284e-02	3.696441075819285188e-02	1.061292451939007016e-02	4.331326258826997955e-03	2.306458090930238458e-02	1.519089900581483202e-02	2.752014584081245024e-02	1.216532148517401001e-04	5.766987953283628579e-03	1.512539233917279020e-02	7.107386790894321647e-03	1.713626108682166430e-02	3.487642499265315721e-02	3.114762300275578035e-04	1.757280733755138200e-02	4.070603388483884366e-02	2.166689231505471158e-02	3.792770390412815787e-03	4.827305241538393937e-03	9.222323497520295080e-03	1.427985723507825717e-02	3.986048058540681005e-02	1.123493214587733061e-02	2.046117182267329082e-02	2.210728257263827601e-02	1.538994152343255845e-02	6.440213963174108713e-02	3.821134169377038908e-05	1.022407072465251685e-02	2.707887571556501921e-02	1.121623222960623249e-03	3.643230421169421640e-02	7.206694355598570155e-03	7.218782797664686883e-03	9.697252945605897359e-03	2.473224886288108437e-03	9.611898293227496767e-03	3.775110689747721016e-02	8.402306520828510817e-07	6.389672077775698789e-02	4.941861650104945741e-02	2.892212327317876530e-02	1.288124754916086454e-02	2.775802532457963268e-02
1.011466069024632430e-01	5.322882190280144726e-02	2.415006335276315697e-01	2.249487816098005508e-02	2.249413692700683587e-01	5.871425975494175276e-02	2.470459543335847830e-01	3.322684544384846284e-02	1.000000000000000000e+00	2.451789284613383746e-01	1.783308477583216700e-01	1.599326441671255691e-02	1.977019175843088006e-01	7.500127654855939796e-02	2.213547322689680130e-01	3.910942970693579920e-03	5.792555198282541007e-02	4.781728894734135760e-02	1.270038962057069010e-01	1.565735568955365642e-01	2.307954890909930390e-01	6.170347673628516754e-04	1.125808478845611166e-01	3.195256402733975265e-01	3.968363061249394197e-02	6.916134004444991767e-02	6.449572834291680823e-02	6.522108892169049821e-02	8.903218002233617701e-02	8.917743424786012119e-02	8.567371051632059753e-02	2.003518076330775000e-01	6.657501012713057387e-02	3.019546231136528980e-01	1.535774190190239974e-01	2.302575608461880988e-03	4.608330443330441693e-03	6.494383222203534145e-02	3.372364089056363503e-03	4.735690191637145774e-01	1.370519153952495239e-01	2.933230056049751511e-02	1.227583841121665520e-01	2.189088671463468652e-02	3.448620992934545160e-02	1.450043017970808479e-01	2.171410834474628206e-04	1.987446877239151533e-01	1.302222889530100514e-01	7.353478000051426322e-02	1.310075609635384664e-02	2.334817421530729353e-01
7.985616285685545601e-02	1.558681636180904440e-01	2.346018241307467334e-01	7.314482965027843675e-02	4.098941470200212489e-01	1.044985679723996891e-01	2.078344540314201183e-01	3.696441075819285188e-02	2.451789284613383746e-01	1.000000000000000000e+00	1.651199411083433821e-01	1.655626674927623138e-02	1.751385224148432063e-01	1.319974705091334910e-01	3.725334105017581998e-01	1.557018438413309853e-03	7.762170424715371386e-02	7.041677921190847567e-02	1.045953281857872896e-01	1.296648063143041041e-01	2.849974462178281875e-01	2.081957218085829509e-03	1.220423258262122584e-01	2.890007811067646371e-01	9.218502560139164859e-02	2.789747323347874230e-02	1.189670069166659377e-01	1.081030372033232462e-01	3.408448981559505236e-02	2.133089278442260595e-01	1.049184049555776932e-01	2.638737585727348178e-01	8.086269718657207450e-02	1.679613341368144386e-01	2.368046866811984730e-01	8.023779410015315300e-04	6.318416893007441741e-03	1.496957363922346296e-01	1.319036978842359764e-02	2.951154085209569122e-01	1.116207190977061420e-01	8.867179408597182511e-02	1.575093856883788279e-01	2.894093436677682568e-02	9.587525435155642983e-02	2.235620144654057173e-01	3.777556649823976694e-05	3.119155557773655718e-01	1.565294493055550684e-01	8.977850447316805538e-02	1.945095956485572847e-02	2.143558781288552317e-01
2.723150951224797417e-02	7.909349616980858311e-02	1.115513254073555033e-01	3.758754894140270419e-02	1.067223297756307449e-01	5.849756012570236224e-02	1.073812564175069539e-01	1.061292451939007016e-02	1.783308477583216700e-01	1.651199411083433821e-01	1.000000000000000000e+00	8.322035115797153312e-03	6.546530127902711049e-02	7.795083132573422946e-02	2.141980460531116570e-01	8.349469742761860252e-04	3.436019039338566311e-02	3.549562991804457168e-02	5.858475845643534852e-02	1.542348597243823061e-01	1.458975846429807766e-01	1.547338195796958606e-03	1.145065506747549311e-01	1.643211488375345142e-01	2.626250233616187965e-02	1.434089666606196654e-02	7.984701345243110093e-02	6.504510474066323156e-02	1.896720530797707527e-02	1.062823767232395494e-01	1.429570041740871877e-01	1.237213998786352714e-01	5.321244836890293151e-02	8.038026795507424715e-02	7.255349582639748773e-02	5.192904905857359315e-04	3.932333126134000476e-03	9.405462081568383148e-02	6.943683462059927619e-03	1.628453621209022262e-01	8.602309539390358417e-02	7.313113519377906213e-02	7.714683969061113256e-02	6.014166359738914308e-02	7.385773604608263099e-02	1.560275572444393133e-01	1.039912584436904912e-05	8.236256371154872247e-02	7.867783853589428722e-02	3.052275626801335615e-02	8.384405755313474248e-03	3.085123538012765065e-01
7.005829796097329427e-03	1.027261083026798257e-02	5.795567197660088550e-03	6.330512973800227899e-03	2.801205035761087855e-02	1.793705696932828761e-02	1.096218743587638357e-02	4.331326258826997955e-03	1.599326441671255691e-02	1.655626674927623138e-02	8.322035115797153312e-03	1.000000000000000000e+00	7.049235606271526088e-03	9.366454211411238961e-03	1.971054233309118761e-02	2.956079356346327154e-05	3.591669719605299852e-03	5.906986009981690308e-03	3.460639456757127509e-03	3.339216771293038004e-03	2.028239387151243786e-02	9.969395135571983580e-04	4.371161838405459785e-03	1.409434451770848543e-02	4.442529200181012140e-03	4.910274605331004134e-03	3.463740145722373712e-03	1.551249621183568503e-02	2.849260214994384435e-02	7.208712238539813702e-03	6.682629312723733020e-03	8.379072833019670166e-03	2.490905799643964615e-03	5.636695986030349111e-03	2.385397612209007312e-02	1.038795432346662782e-05	1.140592010966457511e-03	6.348091182571229986e-03	2.029028485176266345e-03	1.520321932582611481e-02	1.746916721853589323e-03	8.205438497590408775e-03	4.280666706623874676e-03	1.778210987923925946e-03	7.820008439038423492e-03	1.587662768244897660e-02	4.340550247075994250e-07	2.772650603942026018e-02	8.899565756917658665e-03	5.313314453208694069e-03	1.824517611512723597e-02	1.435928623840497347e-02
2.656063729151596220e-02	5.211603587505507507e-02	4.107091637264351780e-01	4.112956121863855369e-02	1.215855168795027114e-01	3.850705543109650408e-02	2.205407385574612578e-01	2.306458090930238458e-02	1.977019175843088006e-01	1.751385224148432063e-01	6.546530127902711049e-02	7.049235606271526088e-03	1.000000000000000000e+00	2.262432899058584856e-01	2.201759956551592456e-01	8.734183418405186113e-04	3.432561051450760264e-02	9.688475519283600013e-02	6.635087391397945233e-02	1.202296095057015235e-01	4.309241059150855646e-01	3.178124194560114275e-04	1.007102507398511398e-01	2.419633474566308950e-01	6.095084825883385904e-02	1.490471343622659130e-02	6.992963902534916898e-02	3.407136109715213496e-02	2.470099705222000147e-02	8.073198186152497069e-02	6.217518845255814303e-02	1.606997377917211145e-01	1.166965517396880564e-01	2.055584752760616085e-01	8.060967684267229816e-02	4.497517066939519170e-04	1.747431435125037158e-03	6.489265236361410616e-02	6.543272162436213936e-03	1.532010493966913245e-01	6.331800840735767044e-02	3.395334677659481160e-02	7.957838423642218939e-02	1.712107378150347706e-02	3.162341365550389721e-02	1.158042773694381994e-01	2.062689378659574192e-05	1.267380503639339295e-01	7.253094402043706868e-02	3.973701381209737704e-02	7.280048265653009908e-03	1.333993561693789520e-01
1.134233550639682057e-02	1.255159425436314091e-01	1.042247924737567388e-01	5.423341594672638488e-02	1.022001391831865724e-01	9.554358406269075621e-02	1.035786837032392632e-01	1.519089900581483202e-02	7.500127654855939796e-02	1.319974705091334910e-01	7.795083132573422946e-02	9.366454211411238961e-03	2.262432899058584856e-01	1.000000000000000000e+00	1.409061800424667721e-01	1.551123550228976377e-04	1.758030875646037980e-02	5.638774104485813621e-02	2.200136276455220280e-02	7.694546760267331753e-02	1.868892530133682006e-01	5.815961116195290286e-04	4.125462648935507293e-02	1.354723326037553521e-01	5.018446147632336929e-02	5.806640948637506287e-03	6.115374683464280814e-02	5.084122943419232959e-02	1.089670939407142922e-02	1.024004302842094066e-01	6.467879781925681137e-02	1.019325410500038914e-01	7.551291717731216380e-02	5.255204383976626314e-02	4.410989676132166804e-02	7.264535842458878941e-05	1.335870139769113887e-03	5.174225089559318647e-02	1.060177663292127814e-02	1.303407027647067451e-01	2.887890442319659967e-02	7.348185381943843353e-02	5.629297840549625509e-02	2.654404591147873846e-02	3.649555448288455128e-02	7.233839788547037630e-02	1.272464908267132450e-06	1.072337142371308782e-01	5.777609736860352119e-02	2.510046962373203849e-02	9.407612449851918829e-03	1.424816630834520315e-01
4.687376091002798395e-02	1.058033631504931293e-01	2.554800486213897326e-01	7.703532048529337928e-02	2.305245998983757594e-01	1.193015638589600275e-01	2.174560804124056335e-01	2.752014584081245024e-02	2.213547322689680130e-01	3.725334105017581998e-01	2.141980460531116570e-01	1.971054233309118761e-02	2.201759956551592456e-01	1.409061800424667721e-01	1.000000000000000000e+00	9.530331936664367771e-04	4.937843538349297179e-02	8.410976278877112244e-02	6.414877537470088653e-02	1.495059304092207775e-01	3.415063677518714869e-01	1.811271052398920420e-03	1.682285528209384040e-01	2.857160053033176994e-01	8.557485398386134590e-02	2.822438196627168050e-02	1.088461276528534249e-01	1.199369904423984723e-01	4.837663431984440265e-02	1.285700777239970338e-01	1.204322150077189596e-01	2.234350507536117247e-01	5.887779055789711669e-02	1.901618321990439231e-01	1.703979377365851533e-01	4.351720723588576212e-04	5.497046080805917737e-03	1.684660843514803052e-01	1.260039306604458613e-02	2.840710489802025229e-01	8.458743465850868115e-02	7.646340335287599155e-02	1.022479949053749226e-01	3.168369165238450053e-02	9.797928799175274761e-02	2.369766953173136625e-01	1.636157473651329944e-05	2.036532550056907587e-01	9.728806778131429689e-02	7.149061596703060184e-02	2.775712896497333632e-02	3.106336198181006147e-01
6.480269329364719832e-03	8.202517650604909021e-05	1.677077832301621628e-03	6.145322507655286398e-05	5.818590107619240129e-04	7.181116637648919914e-05	9.446229982227669205e-04	1.216532148517401001e-04	3.910942970693579920e-03	1.557018438413309853e-03	8.349469742761860252e-04	2.956079356346327154e-05	8.734183418405186113e-04	1.551123550228976377e-04	9.530331936664367771e-04	1.000000000000000000e+00	1.240258204238981095e-02	6.349899368216253490e-05	1.469917086102638659e-02	1.025400432880492615e-03	4.578722076342023762e-04	4.425335145131477213e-07	2.626953325337511285e-03	1.351831673713687438e-03	6.343995605489025785e-05	1.608727539464521045e-02	1.463891559236172278e-03	6.044325038301780065e-04	7.509297136629771363e-04	4.470645988319773873e-04	1.469641681135978829e-03	4.097031662444346016e-03	8.715889224121347017e-04	6.639107148564616333e-03	1.899070137462009647e-04	5.812694145905361598e-01	2.217598410867752334e-06	4.012620088513713990e-04	1.393051884077221412e-05	1.119452013864540105e-03	4.759130827864809128e-03	9.794018028002308843e-05	2.392444208759546623e-03	4.091183604345040564e-04	2.682930681137952176e-04	5.716470550387260695e-04	1.178095379334276500e-02	1.831621480593890279e-04	1.066062320727564731e-03	8.482476192143817428e-03	2.935999035713559956e-06	5.214462217236205373e-04
6.136613487267300604e-02	1.255259895870824288e-02	4.566885468160208211e-02	2.030112563343381554e-02	5.875413412359701409e-02	2.863611905803912713e-02	5.599793005223399622e-02	5.766987953283628579e-03	5.792555198282541007e-02	7.762170424715371386e-02	3.436019039338566311e-02	3.591669719605299852e-03	3.432561051450760264e-02	1.758030875646037980e-02	4.937843538349297179e-02	1.240258204238981095e-02	1.000000000000000000e+00	1.053300494304767673e-02	2.342587611430010652e-01	2.570653138758904888e-02	4.765597583002942339e-02	1.253268721214084638e-03	5.581513977611693433e-02	2.977502101507412471e-02	1.192680011596820161e-02	1.861625791097991714e-02	2.756669306403278577e-02	7.142428232806717625e-02	8.276954120772454099e-03	3.211927691474343594e-02	3.416210794478288099e-02	5.814441815427967564e-02	1.910870706474940978e-02	3.531580166198591830e-02	1.240850144052219224e-02	5.987361396274127300e-03	5.069145949066436061e-04	2.366580955733195435e-02	7.696949121282534167e-03	4.417232679037158549e-02	2.786738266745390422e-02	2.642097682496641342e-02	2.196845404136297739e-02	1.429482481915057487e-02	2.173808654307253507e-02	4.118123786135850090e-02	1.182527368021616738e-04	2.222861700348771272e-02	8.137191096983276140e-02	4.827524250010584161e-02	1.610959359518913904e-03	2.351300767639484535e-02
9.292660583333256161e-03	4.919018936331920333e-02	8.952457494962208495e-02	2.740006915891227135e-02	7.200445705294328258e-02	3.699433737056427585e-02	9.504662701036245553e-02	1.512539233917279020e-02	4.781728894734135760e-02	7.041677921190847567e-02	3.549562991804457168e-02	5.906986009981690308e-03	9.688475519283600013e-02	5.638774104485813621e-02	8.410976278877112244e-02	6.349899368216253490e-05	1.053300494304767673e-02	1.000000000000000000e+00	1.607346447994687302e-02	3.351264849277115626e-02	1.462825669685586805e-01	9.797295197267526668e-04	2.354841357277470681e-02	7.207858746847416176e-02	3.985067231686784117e-02	3.208826080663817765e-03	2.138332844486342740e-02	2.426081645377466817e-02	1.271544700176464870e-02	4.231703062308996011e-02	1.809593766427160591e-02	4.101483733115333236e-02	2.769359879402031460e-02	2.209207373516457185e-02	6.755926650904697794e-02	2.986076548313579027e-05	3.108906347960017826e-03	3.350286574912029330e-02	4.323629959242964414e-03	7.294933624557108087e-02	8.076258776950595228e-03	2.047308185825679264e-02	2.623877464855460181e-02	6.429550467091158308e-03	1.944827708383035925e-02	5.912839952839712282e-02	6.820502504236176442e-07	8.814993496141987350e-02	3.383710477441019548e-02	1.099556895783484339e-02	1.677670252598789311e-02	5.514572385559162598e-02
6.486227800326130333e-02	1.684579585373011806e-02	1.214262960644238720e-01	1.504683241535614835e-02	7.541905370179059764e-02	1.532136400666475259e-02	1.098393258606317063e-01	7.107386790894321647e-03	1.270038962057069010e-01	1.045953281857872896e-01	5.858475845643534852e-02	3.460639456757127509e-03	6.635087391397945233e-02	2.200136276455220280e-02	6.414877537470088653e-02	1.469917086102638659e-02	2.342587611430010652e-01	1.607346447994687302e-02	1.000000000000000000e+00	6.816339628505184434e-02	7.647225032568358283e-02	5.376336210103529849e-04	7.502505201597502171e-02	5.512168512117764790e-02	1.985302272727756251e-02	2.320804885862463862e-02	3.792392629391816428e-02	3.023876389287632679e-02	1.186471709063785344e-02	3.513875134960008778e-02	4.545754471496130100e-02	1.078174864130114347e-01	3.517529460106252892e-02	8.430999893007060098e-02	1.992180114601892205e-02	8.404947678241474554e-03	6.331642072355508476e-04	2.976609092512744192e-02	3.167071276700318509e-03	7.505471819236243791e-02	5.718853986545344159e-02	1.887486960837466907e-02	5.230300993860687725e-02	1.913497679897662590e-02	1.920332187596913293e-02	4.463912125390091801e-02	3.985325125911415691e-04	3.951999592858049942e-02	1.397684962346485704e-01	4.340217273715651219e-02	1.257758947799223750e-03	3.897336879608052224e-02
1.473791040575519150e-02	7.848893164602503691e-02	2.146350623782000144e-01	2.275850696314618560e-02	8.041710335578221291e-02	4.095221482949875508e-02	1.589292304579117410e-01	1.713626108682166430e-02	1.565735568955365642e-01	1.296648063143041041e-01	1.542348597243823061e-01	3.339216771293038004e-03	1.202296095057015235e-01	7.694546760267331753e-02	1.495059304092207775e-01	1.025400432880492615e-03	2.570653138758904888e-02	3.351264849277115626e-02	6.816339628505184434e-02	1.000000000000000000e+00	1.607799264672953032e-01	2.375193870922602372e-04	1.718909288448605133e-01	1.687799989789637300e-01	6.043110467934844493e-02	1.046623805705013642e-02	8.939564907712403696e-02	2.751295352288989082e-02	1.115757444830992214e-02	9.729969573447584674e-02	6.762141341610762579e-02	1.264062310735322714e-01	8.354317937716296272e-02	1.500028190088492364e-01	4.620525541683506016e-02	6.049468779124575523e-04	1.527077063005612178e-03	1.097824852647186489e-01	2.962635205218132773e-03	1.356493169874364302e-01	1.211601465255149196e-01	5.748767722387863877e-02	7.536321410943803978e-02	2.457045737578446645e-02	2.427680466161455386e-02	9.274043982476887216e-02	1.346523579818966158e-05	7.878046506669349192e-02	8.030935483365088390e-02	3.740784568433463964e-02	3.230562923774163257e-03	1.851506347625282434e-01
3.200678162987152797e-02	1.218203400165943501e-01	4.010763523477231529e-01	9.148045571020360645e-02	2.394746799667419046e-01	1.064302086592458368e-01	3.037676760364664275e-01	3.487642499265315721e-02	2.307954890909930390e-01	2.849974462178281875e-01	1.458975846429807766e-01	2.028239387151243786e-02	4.309241059150855646e-01	1.868892530133682006e-01	3.415063677518714869e-01	4.578722076342023762e-04	4.765597583002942339e-02	1.462825669685586805e-01	7.647225032568358283e-02	1.607799264672953032e-01	1.000000000000000000e+00	2.828723363760283181e-03	1.345892901643938877e-01	2.865197000672361494e-01	1.222503508471865924e-01	1.247738460238855505e-02	1.160809757335753284e-01	9.389906619153660927e-02	3.756481746966962992e-02	1.467108220806464525e-01	1.061610627209609997e-01	1.667191179615247765e-01	8.953520194580738556e-02	1.632006527147190911e-01	1.770124537655939911e-01	2.012252424498733004e-04	5.551430493565616756e-03	1.421829164725864070e-01	2.017486300829512275e-02	2.338687977382510053e-01	4.298703667213435442e-02	9.884872306355563243e-02	8.482894545699402877e-02	3.486344085862641551e-02	1.049749868401706893e-01	2.468684644502623926e-01	6.773096131118660046e-06	2.881889619630589316e-01	1.216029210044211745e-01	3.872654249422672473e-02	3.808730676802581094e-02	2.104244535330028754e-01
4.803547853184029202e-04	7.253513225122614188e-04	3.308403262039871589e-04	4.992803271958654032e-03	4.961792350581103669e-03	9.287329338074332835e-03	8.907195059648055288e-04	3.114762300275578035e-04	6.170347673628516754e-04	2.081957218085829509e-03	1.547338195796958606e-03	9.969395135571983580e-04	3.178124194560114275e-04	5.815961116195290286e-04	1.811271052398920420e-03	4.425335145131477213e-07	1.253268721214084638e-03	9.797295197267526668e-04	5.376336210103529849e-04	2.375193870922602372e-04	2.828723363760283181e-03	1.000000000000000000e+00	6.710483231515232709e-04	2.589242313124452211e-04	6.161991912456074583e-04	1.623754794271133279e-05	9.796084044893828551e-05	6.626592157169695387e-03	4.550324537504014184e-04	5.325196755131761731e-04	4.638633119039250650e-04	2.937824672609743522e-04	5.680523867947602718e-05	8.765596026779462935e-05	1.948823329999266980e-03	9.771385106939591333e-08	1.616150891285979274e-03	1.041760938447962217e-03	6.660037870024011764e-03	1.212220811965190577e-03	4.116701781660721943e-05	8.151110186273126737e-03	3.028002665238010635e-05	4.985917687832120554e-04	6.068343790041724230e-03	3.265664312761294881e-03	2.102886721663328931e-09	4.218283722298926154e-03	2.746469346777457524e-03	5.774466175974248482e-05	7.609004588383179793e-03	8.998049425314004002e-04
3.766551534835445997e-02	3.927699911623044188e-02	1.269938361568468954e-01	3.262604834024886852e-02	9.415760269819373196e-02	5.004947369711485600e-02	1.037410829848113281e-01	1.757280733755138200e-02	1.125808478845611166e-01	1.220423258262122584e-01	1.145065506747549311e-01	4.371161838405459785e-03	1.007102507398511398e-01	4.125462648935507293e-02	1.682285528209384040e-01	2.626953325337511285e-03	5.581513977611693433e-02	2.354841357277470681e-02	7.502505201597502171e-02	1.718909288448605133e-01	1.345892901643938877e-01	6.710483231515232709e-04	1.000000000000000000e+00	1.470082316742535034e-01	2.769401352517720724e-02	2.608620368187014593e-02	8.740646918775907270e-02	5.446245976027733887e-02	1.980773104213861061e-02	8.130634016968343869e-02	2.209459143643635604e-01	1.515297430440932791e-01	7.148697487739437417e-02	1.187115177922294096e-01	4.338309547467019550e-02	1.423620774396326368e-03	7.550635648532441927e-04	1.389402829015977670e-01	4.522806513030232754e-03	8.926976272444848981e-02	7.612461971894295132e-02	5.380799660199209883e-02	9.959568487255041069e-02	6.645643143762706984e-02	7.701310739635890135e-02	7.811271974953044872e-02	5.019524050678611380e-05	5.971034558062553177e-02	9.692793187094507490e-02	6.843051084610417278e-02	2.819285960236452785e-03	9.623151361430820616e-02
4.448629713847626621e-02	1.059291585043284217e-01	3.066673228287840058e-01	2.663211401730077726e-02	1.844523866335641138e-01	5.660202036596629488e-02	2.145523143668193189e-01	4.070603388483884366e-02	3.195256402733975265e-01	2.890007811067646371e-01	1.643211488375345142e-01	1.409434451770848543e-02	2.419633474566308950e-01	1.354723326037553521e-01	2.857160053033176994e-01	1.351831673713687438e-03	2.977502101507412471e-02	7.207858746847416176e-02	5.512168512117764790e-02	1.687799989789637300e-01	2.865197000672361494e-01	2.589242313124452211e-04	1.470082316742535034e-01	1.000000000000000000e+00	5.062033994134800680e-02	5.686662910450460823e-02	1.460179113519182448e-01	6.427364940834015550e-02	5.166483776802781314e-02	1.608814153230661848e-01	1.805574727581254757e-01	2.304985050513500833e-01	1.262995882079477328e-01	2.968580301582483538e-01	2.117543842660176145e-01	8.505421567670117282e-04	2.089127466957136237e-03	1.213634428971565593e-01	4.447244558313304813e-03	2.785530281196042512e-01	8.935049383184995309e-02	3.321601039536241362e-02	2.250569723991050763e-01	2.892006501746245684e-02	5.069189428722564034e-02	1.332292957774227626e-01	4.439299115159722915e-05	1.966912558042544779e-01	7.720737292738495683e-02	9.598854357762749701e-02	1.306724533632993603e-02	2.854103437742431804e-01
5.691624843204126476e-03	1.494342458711188648e-01	6.189457213036930749e-02	2.610321964410199785e-02	9.695578126330461899e-02	6.744989872508010131e-02	7.656564863741326110e-02	2.166689231505471158e-02	3.968363061249394197e-02	9.218502560139164859e-02	2.626250233616187965e-02	4.442529200181012140e-03	6.095084825883385904e-02	5.018446147632336929e-02	8.557485398386134590e-02	6.343995605489025785e-05	1.192680011596820161e-02	3.985067231686784117e-02	1.985302272727756251e-02	6.043110467934844493e-02	1.222503508471865924e-01	6.161991912456074583e-04	2.769401352517720724e-02	5.062033994134800680e-02	1.000000000000000000e+00	1.814697250945762749e-03	1.914624292581191753e-02	1.224302205233426463e-02	6.333118264980155433e-03	1.003855215152679031e-01	1.444975809860120537e-02	5.788562040047828816e-02	3.805150752065602354e-02	2.099691696886409054e-02	5.742107660307634032e-02	3.554763315721206132e-05	4.330697278605618282e-03	3.545317557398803415e-02	4.217003582818083275e-03	7.862862517866156531e-02	1.639444403504848949e-02	3.294543011532524018e-02	2.292249731736437091e-02	3.583230047359849731e-03	1.928123982566066000e-02	5.837815303957980678e-02	4.667217990917094226e-07	1.558795954034043196e-01	5.121102424464445135e-02	1.326428529968510378e-02	1.259718116665015965e-02	8.340731282931058976e-02
9.162642563367094650e-02	4.917543506160517060e-03	1.868223947601333271e-02	1.641385472639205530e-03	1.837141777826427694e-02	4.810449486845100320e-03	1.531650190056270226e-02	3.792770390412815787e-03	6.916134004444991767e-02	2.789747323347874230e-02	1.434089666606196654e-02	4.910274605331004134e-03	1.490471343622659130e-02	5.806640948637506287e-03	2.822438196627168050e-02	1.608727539464521045e-02	1.861625791097991714e-02	3.208826080663817765e-03	2.320804885862463862e-02	1.046623805705013642e-02	1.247738460238855505e-02	1.623754794271133279e-05	2.608620368187014593e-02	5.686662910450460823e-02	1.814697250945762749e-03	1.000000000000000000e+00	2.641298676531868631e-02	1.506724326338531629e-02	1.571842863165639204e-01	7.481303445215732248e-03	2.540954617283860267e-02	6.265303907310350306e-02	8.275289511082650068e-03	7.264410517664304789e-02	2.208842748280538323e-02	1.037115477780641178e-02	1.219194394666836344e-04	8.073509690223405755e-03	3.148657656119968704e-04	2.412740856324060990e-02	3.418623943333476412e-02	2.316375211975625712e-03	5.863554200288952772e-02	4.431364940308650524e-03	6.377694057714436253e-03	1.346134534191334962e-02	2.025988472736998686e-03	1.216197668214598696e-02	7.811055984072902934e-03	7.731638572109433838e-02	1.245486375825769236e-03	2.268201793482519865e-02
2.308721846391845189e-02	4.721487249417888332e-02	9.177266733182130876e-02	1.873963809917192705e-02	5.327395625465668194e-02	1.817770146941787360e-02	6.260336486618915675e-02	4.827305241538393937e-03	6.449572834291680823e-02	1.189670069166659377e-01	7.984701345243110093e-02	3.463740145722373712e-03	6.992963902534916898e-02	6.115374683464280814e-02	1.088461276528534249e-01	1.463891559236172278e-03	2.756669306403278577e-02	2.138332844486342740e-02	3.792392629391816428e-02	8.939564907712403696e-02	1.160809757335753284e-01	9.796084044893828551e-05	8.740646918775907270e-02	1.460179113519182448e-01	1.914624292581191753e-02	2.641298676531868631e-02	1.000000000000000000e+00	3.515752773526114455e-02	1.056105923973695015e-02	6.443730938911387818e-02	1.203841694919233207e-01	1.467763001858907734e-01	7.020481610764470193e-02	1.170477128375872894e-01	3.717507679579857421e-02	9.484697066770900707e-04	2.598209032285597785e-04	8.046805658363286040e-02	3.860032558395419533e-03	5.644378076837583413e-02	7.464015903068163538e-02	4.895614126679159739e-02	1.185808674917270406e-01	3.582622897199581880e-02	4.965726549631083869e-02	3.576222515316406642e-02	3.926815342170049866e-05	3.792170833306608008e-02	3.556760639046943617e-02	7.774676970236329976e-02	1.879746928714228415e-03	6.895761766910400714e-02
3.587711630256940065e-02	3.479557563411524862e-02	3.955180386999480879e-02	3.437082792834910555e-02	1.013186214356327636e-01	7.659802061959980479e-02	5.897251122014837005e-02	9.222323497520295080e-03	6.522108892169049821e-02	1.081030372033232462e-01	6.504510474066323156e-02	1.551249621183568503e-02	3.407136109715213496e-02	5.084122943419232959e-02	1.199369904423984723e-01	6.044325038301780065e-04	7.142428232806717625e-02	2.426081645377466817e-02	3.023876389287632679e-02	2.751295352288989082e-02	9.389906619153660927e-02	6.626592157169695387e-03	5.446245976027733887e-02	6.427364940834015550e-02	1.224302205233426463e-02	1.506724326338531629e-02	3.515752773526114455e-02	1.000000000000000000e+00	1.870180060607758502e-02	5.186519972930239003e-02	5.178542351605851940e-02	4.319456360881584328e-02	1.797147577614638045e-02	3.271390995592041856e-02	4.739822429650661362e-02	2.265628079428068180e-04	1.352669074762546117e-03	8.093832871810840990e-02	1.607465573428890765e-02	7.353225002142591005e-02	1.165649379727890476e-02	5.518949545515244859e-02	2.029106954467833901e-02	3.130361572883244570e-02	7.157979206170850262e-02	8.219308411792000668e-02	7.299878723737982733e-06	5.158014895608219186e-02	5.570594677159693836e-02	3.139593754432205147e-02	1.446827191424071395e-02	5.053925554913372975e-02
6.692643108561235898e-02	1.085707786776974812e-02	2.346916260263369122e-02	5.599956163532439010e-03	6.014764859028322308e-02	1.914562867074899935e-02	3.233720169371555320e-02	1.427985723507825717e-02	8.903218002233617701e-02	3.408448981559505236e-02	1.896720530797707527e-02	2.849260214994384435e-02	2.470099705222000147e-02	1.089670939407142922e-02	4.837663431984440265e-02	7.509297136629771363e-04	8.276954120772454099e-03	1.271544700176464870e-02	1.186471709063785344e-02	1.115757444830992214e-02	3.756481746966962992e-02	4.550324537504014184e-04	1.980773104213861061e-02	5.166483776802781314e-02	6.333118264980155433e-03	1.571842863165639204e-01	1.056105923973695015e-02	1.870180060607758502e-02	1.000000000000000000e+00	9.692222561054295374e-03	1.540399719331621287e-02	4.711887416037865983e-02	6.619691360355341517e-03	3.782864735498191189e-02	8.783903396839917721e-02	2.416001160815851173e-04	2.231842829674762427e-03	1.021051821101987001e-02	1.288372698699020383e-03	5.109613317881037120e-02	1.069949058870660677e-02	7.828248346046836476e-03	1.897130395414277707e-02	3.546865536548625582e-03	1.112067288901264807e-02	4.652279234801844077e-02	4.961966249702516206e-05	6.619272187222680071e-02	1.770945854777358427e-02	3.576119836402241042e-02	3.234464685528378597e-02	4.152385039439128456e-02
1.540734225289801945e-02	1.988475891832666431e-01	9.980430724192573821e-02	2.655478254712345665e-02	1.443206521797821273e-01	8.308485338922494412e-02	1.194890359941385288e-01	3.986048058540681005e-02	8.917743424786012119e-02	2.133089278442260595e-01	1.062823767232395494e-01	7.208712238539813702e-03	8.073198186152497069e-02	1.024004302842094066e-01	1.285700777239970338e-01	4.470645988319773873e-04	3.211927691474343594e-02	4.231703062308996011e-02	3.513875134960008778e-02	9.729969573447584674e-02	1.467108220806464525e-01	5.325196755131761731e-04	8.130634016968343869e-02	1.608814153230661848e-01	1.003855215152679031e-01	7.481303445215732248e-03	6.443730938911387818e-02	5.186519972930239003e-02	9.692222561054295374e-03	1.000000000000000000e+00	6.387137637423645486e-02	1.283952751444656648e-01	1.181286027547597955e-01	5.507774888435162247e-02	7.962958782735977958e-02	2.587692871959099594e-04	3.557887601884824127e-03	9.825649210794440425e-02	4.177613335122271239e-03	1.391918291733208191e-01	4.963269279081167912e-02	4.184681610049094391e-02	1.077755683287070915e-01	1.916518884103654910e-02	3.415702815889509747e-02	1.253208777416869590e-01	2.039124549416700924e-06	1.546818914767121300e-01	1.123415561324273559e-01	5.462106199049208966e-02	1.017329702782922285e-02	1.192355494755663187e-01
