1.000000000000000000e+00	2.809523809523809534e-01	2.461538461538461675e-01	2.700421940928269815e-01	4.425287356321839227e-01	3.546511627906976938e-01	2.805429864253393690e-01	3.525179856115107646e-01	3.303571428571428492e-01	3.736842105263157854e-01	2.355555555555555458e-01	3.905325443786982209e-01	2.510288065843621630e-01	2.000000000000000111e-01	2.643171806167400884e-01	5.028901734104046506e-01	3.924731182795698770e-01	2.654867256637168382e-01	3.351955307262569628e-01	1.975806451612903136e-01	2.479338842975206680e-01	3.360000000000000209e-01	2.730923694779116562e-01	2.829268292682926567e-01	3.483870967741935498e-01	5.620437956204379359e-01	2.945736434108527368e-01	3.317535545023696519e-01	5.714285714285713969e-01	2.513368983957219305e-01	2.685185185185185452e-01	3.434343434343434254e-01	2.216748768472906472e-01	2.122448979591836649e-01	4.191176470588235392e-01	4.943181818181818232e-01	4.375000000000000000e-01	2.027027027027027140e-01	4.276315789473684181e-01	2.727272727272727071e-01	2.876712328767123128e-01	2.798165137614678777e-01	2.920353982300885054e-01	2.291666666666666574e-01	3.242009132420091144e-01	3.522727272727272929e-01	6.124031007751937761e-01	3.312499999999999889e-01	3.694581280788177269e-01	3.526570048309178862e-01	3.664122137404580148e-01	2.232558139534883690e-01
2.809523809523809534e-01	1.000000000000000000e+00	4.119718309859154992e-01	5.180722891566265087e-01	4.977168949771689221e-01	5.979381443298968923e-01	4.285714285714285476e-01	3.054187192118226757e-01	5.182186234817813819e-01	4.632034632034632282e-01	6.063348416289592313e-01	6.165803108808289856e-01	4.541984732824427273e-01	5.491071428571429047e-01	5.757575757575758013e-01	3.373015873015873245e-01	2.824427480916030797e-01	4.637096774193548154e-01	2.248062015503876077e-01	6.403508771929824483e-01	4.465648854961832281e-01	1.563981042654028486e-01	5.390625000000000000e-01	6.748768472906403471e-01	3.619047619047618958e-01	3.791469194312795943e-01	5.222222222222222543e-01	5.911111111111111427e-01	3.414634146341463672e-01	5.948717948717948678e-01	6.635071090047393039e-01	3.450980392156862697e-01	6.169154228855721067e-01	4.552529182879377356e-01	4.594594594594594850e-01	3.492063492063491870e-01	1.497584541062801922e-01	7.029702970297029285e-01	4.773869346733668473e-01	5.666666666666666519e-01	6.244343891402714952e-01	5.822222222222221966e-01	4.470588235294117863e-01	4.820717131474103745e-01	5.420168067226890374e-01	6.578947368421053099e-01	2.231759656652360646e-01	4.646464646464646409e-01	4.915966386554621592e-01	4.395161290322580627e-01	4.301675977653631189e-01	6.425120772946859571e-01
2.461538461538461675e-01	4.119718309859154992e-01	1.000000000000000000e+00	4.982698961937715998e-01	4.618320610687022820e-01	3.419117647058823595e-01	6.938775510204081565e-01	2.307692307692307820e-01	6.104868913857678381e-01	5.173745173745173398e-01	4.539007092198581450e-01	3.954372623574144430e-01	7.031250000000000000e-01	5.343511450381679406e-01	5.518518518518518157e-01	3.611111111111111049e-01	3.914590747330961018e-01	7.272727272727272929e-01	4.106463878326996331e-01	5.052631578947368585e-01	8.008298755186722406e-01	2.105263157894736725e-01	5.536332179930796293e-01	5.310077519379845512e-01	3.425196850393700809e-01	3.206106870229007422e-01	6.408450704225352457e-01	5.128205128205127750e-01	3.306451612903225645e-01	4.409448818897637734e-01	5.092936802973977439e-01	6.048387096774193727e-01	4.901960784313725283e-01	6.692607003891050121e-01	2.896825396825397081e-01	3.715277777777777901e-01	1.719999999999999862e-01	5.000000000000000000e-01	3.320610687022900742e-01	5.000000000000000000e-01	4.129692832764504939e-01	4.731182795698924970e-01	6.245210727969349174e-01	6.297709923664122078e-01	5.805243445692883641e-01	4.068441064638783078e-01	2.830188679245282946e-01	4.139344262295082122e-01	5.241635687732342230e-01	3.966101694915254439e-01	2.745901639344262568e-01	4.522058823529411797e-01
2.700421940928269815e-01	5.180722891566265087e-01	4.982698961937715998e-01	1.000000000000000000e+00	4.814814814814814548e-01	4.678111587982832775e-01	4.464944649446494496e-01	2.638297872340425454e-01	5.416666666666666297e-01	5.611814345991561481e-01	5.480000000000000426e-01	5.288888888888888529e-01	4.491228070175438680e-01	5.596707818930041212e-01	6.363636363636363535e-01	3.131672597864768592e-01	2.602739726027397116e-01	4.905660377358490587e-01	2.167832167832167700e-01	4.817518248175182705e-01	5.278810408921933428e-01	2.000000000000000111e-01	5.547445255474452441e-01	6.533333333333333215e-01	2.470588235294117752e-01	3.514644351464434879e-01	5.598591549295774961e-01	6.250000000000000000e-01	3.008474576271186196e-01	4.595744680851063801e-01	6.946902654867256333e-01	3.786764705882352811e-01	5.256410256410256610e-01	4.448398576512455627e-01	3.482142857142856984e-01	3.238434163701067736e-01	1.392405063291139167e-01	5.409836065573770947e-01	5.233644859813083583e-01	5.560344827586206629e-01	5.454545454545454142e-01	6.302521008403361158e-01	4.851851851851851638e-01	5.074626865671642006e-01	5.405405405405405705e-01	5.917431192660550510e-01	2.053231939163498165e-01	4.247787610619468968e-01	4.548872180451127845e-01	3.321917808219178037e-01	3.846153846153846367e-01	4.879999999999999893e-01
4.425287356321839227e-01	4.977168949771689221e-01	4.618320610687022820e-01	4.814814814814814548e-01	1.000000000000000000e+00	5.783783783783783550e-01	5.336322869955156811e-01	4.529411764705882359e-01	6.008968609865470434e-01	6.666666666666666297e-01	4.279661016949152796e-01	5.638297872340425343e-01	4.235294117647058765e-01	4.120171673819742475e-01	5.309734513274336765e-01	5.410628019323671101e-01	4.324324324324324564e-01	4.870689655172413812e-01	3.484162895927601644e-01	4.412955465587044546e-01	4.917355371900826722e-01	2.988505747126437018e-01	4.803149606299212393e-01	5.707317073170731225e-01	4.486486486486486736e-01	5.251396648044692750e-01	5.115384615384614975e-01	6.190476190476190688e-01	5.297619047619047672e-01	5.181347150259066892e-01	5.416666666666666297e-01	5.186915887850467310e-01	4.549763033175355242e-01	4.471544715447154372e-01	4.911242603550295960e-01	5.406698564593301892e-01	2.359550561797752743e-01	4.424778761061947119e-01	5.862068965517240882e-01	5.550000000000000488e-01	4.890829694323143850e-01	4.955752212389380462e-01	4.872881355932203173e-01	4.508196721311475419e-01	5.374449339207048038e-01	5.882352941176470784e-01	4.126984126984126755e-01	7.548387096774193949e-01	5.896226415094339979e-01	4.803493449781659486e-01	4.968553459119496862e-01	4.439461883408071796e-01
3.546511627906976938e-01	5.979381443298968923e-01	3.419117647058823595e-01	4.678111587982832775e-01	5.783783783783783550e-01	1.000000000000000000e+00	3.787234042553191404e-01	3.550295857988165493e-01	4.803493449781659486e-01	5.100000000000000089e-01	4.434389140271493002e-01	5.862068965517240882e-01	3.424124513618677090e-01	4.266055045871559592e-01	5.471698113207547065e-01	4.000000000000000222e-01	3.215859030837004418e-01	3.682008368200836990e-01	2.556053811659192987e-01	4.889867841409691884e-01	3.719999999999999973e-01	1.954022988505747238e-01	5.042016806722688926e-01	5.353535353535353591e-01	4.204545454545454697e-01	4.739884393063583667e-01	4.423076923076922906e-01	5.117370892018778816e-01	4.484848484848484862e-01	5.027322404371584730e-01	5.365853658536585691e-01	3.954545454545454475e-01	4.820512820512820595e-01	4.024896265560166109e-01	5.294117647058823595e-01	4.074074074074073848e-01	1.812865497076023291e-01	4.666666666666666741e-01	6.024844720496894679e-01	5.181347150259066892e-01	5.833333333333333703e-01	5.458937198067632668e-01	3.933054393305439600e-01	3.827160493827160281e-01	4.843049327354260192e-01	6.508875739644970349e-01	2.769230769230769384e-01	5.582822085889570518e-01	4.369369369369369149e-01	4.792626728110598866e-01	5.602836879432624428e-01	5.124378109452736307e-01
2.805429864253393690e-01	4.285714285714285476e-01	6.938775510204081565e-01	4.464944649446494496e-01	5.336322869955156811e-01	3.787234042553191404e-01	1.000000000000000000e+00	3.098591549295774406e-01	6.413502109704641851e-01	5.107296137339055742e-01	4.759999999999999787e-01	4.298245614035087758e-01	5.799999999999999600e-01	5.361702127659574435e-01	5.180722891566265087e-01	3.873517786561264664e-01	4.227642276422764467e-01	6.981981981981981722e-01	3.983050847457627053e-01	5.645161290322581182e-01	7.086956521739130599e-01	2.227488151658767734e-01	5.632183908045976795e-01	5.663716814159291957e-01	4.018691588785046620e-01	3.677130044843049395e-01	6.346153846153845812e-01	5.762711864406779849e-01	3.568075117370891891e-01	5.186915887850467310e-01	5.208333333333333703e-01	5.589519650655021543e-01	5.479452054794520244e-01	6.371308016877637037e-01	3.209302325581395166e-01	3.937007874015748254e-01	1.666666666666666574e-01	5.299145299145299193e-01	3.688888888888888773e-01	5.520361990950226616e-01	3.814814814814814770e-01	4.741035856573705409e-01	7.174887892376681231e-01	6.425531914893617413e-01	5.362903225806451291e-01	4.304347826086956652e-01	3.171806167400881282e-01	4.829268292682926678e-01	5.974025974025973795e-01	4.214559386973180111e-01	3.235294117647058987e-01	4.936708860759493889e-01
3.525179856115107646e-01	3.054187192118226757e-01	2.307692307692307820e-01	2.638297872340425454e-01	4.529411764705882359e-01	3.550295857988165493e-01	3.098591549295774406e-01	1.000000000000000000e+00	3.183856502242152220e-01	3.597883597883597684e-01	2.017543859649122695e-01	3.430232558139534871e-01	2.500000000000000000e-01	2.090909090909090773e-01	2.466960352422907510e-01	5.329341317365269282e-01	5.269461077844311836e-01	2.645739910313901211e-01	5.259740259740259827e-01	2.157676348547717948e-01	2.468619246861924743e-01	7.947019867549669214e-02	3.041666666666666408e-01	3.214285714285714524e-01	4.335664335664335400e-01	4.893617021276595591e-01	3.095238095238095344e-01	3.317307692307692180e-01	4.696969696969697239e-01	2.921348314606741492e-01	3.043478260869565410e-01	3.232323232323232598e-01	2.978723404255319007e-01	2.107438016528925540e-01	3.897058823529411797e-01	5.146198830409356439e-01	3.418803418803418870e-01	2.232558139534883690e-01	4.105960264900662127e-01	2.462311557788944838e-01	2.930232558139534982e-01	2.910798122065727522e-01	3.211009174311926784e-01	2.435897435897435848e-01	3.240740740740740700e-01	3.526011560693641522e-01	3.509933774834437248e-01	2.743902439024390461e-01	3.908629441624365541e-01	4.603174603174602919e-01	3.565891472868217282e-01	2.102803738317756965e-01
3.303571428571428492e-01	5.182186234817813819e-01	6.104868913857678381e-01	5.416666666666666297e-01	6.008968609865470434e-01	4.803493449781659486e-01	6.413502109704641851e-01	3.183856502242152220e-01	1.000000000000000000e+00	5.228215767634855071e-01	5.673469387755102344e-01	5.642201834862384802e-01	5.471698113207547065e-01	5.346938775510203801e-01	5.783132530120481674e-01	4.186046511627907196e-01	4.092664092664092812e-01	6.333333333333333037e-01	3.476562500000000000e-01	5.207547169811320709e-01	6.518218623481781826e-01	2.026431718061673937e-01	6.206896551724138122e-01	6.849315068493150305e-01	3.755458515283842669e-01	4.414414414414414289e-01	6.730038022813688015e-01	7.276785714285713969e-01	4.339622641509434109e-01	4.847161572052401945e-01	6.450216450216450514e-01	5.308641975308642236e-01	5.458515283842795274e-01	6.721991701244813822e-01	4.103773584905660576e-01	4.247104247104246944e-01	1.814159292035398274e-01	5.286885245901639108e-01	4.104803493449781793e-01	6.966824644549762802e-01	4.531835205992509330e-01	5.524193548387096309e-01	6.722689075630252642e-01	6.434426229508196649e-01	6.851063829787233939e-01	5.288888888888888529e-01	3.138075313807531241e-01	5.263157894736841813e-01	5.546558704453441457e-01	4.349442379182156260e-01	3.768115942028985588e-01	5.122950819672130729e-01
3.736842105263157854e-01	4.632034632034632282e-01	5.173745173745173398e-01	5.611814345991561481e-01	6.666666666666666297e-01	5.100000000000000089e-01	5.107296137339055742e-01	3.597883597883597684e-01	5.228215767634855071e-01	1.000000000000000000e+00	4.279835390946502005e-01	4.975369458128078848e-01	4.979919678714859188e-01	4.933920704845815020e-01	5.964125560538116044e-01	4.429824561403508665e-01	3.723849372384936962e-01	4.791666666666666852e-01	3.333333333333333148e-01	4.698795180722891707e-01	5.330578512396694224e-01	2.688172043010752521e-01	5.019455252918287869e-01	5.159817351598173785e-01	4.404145077720207357e-01	4.816753926701570765e-01	5.150375939849624052e-01	5.021459227467811592e-01	4.510869565217391353e-01	4.780487804878048586e-01	5.312500000000000000e-01	5.437788018433179493e-01	5.095238095238094900e-01	4.758064516129032473e-01	4.555555555555555469e-01	4.434782608695652106e-01	2.041884816753926635e-01	4.672489082969432106e-01	5.052631578947368585e-01	5.285714285714285809e-01	4.872881355932203173e-01	5.000000000000000000e-01	5.168067226890756816e-01	4.796747967479674801e-01	5.676855895196506463e-01	5.198019801980198196e-01	3.381642512077294715e-01	5.932203389830508211e-01	5.630630630630630851e-01	4.129554655870445457e-01	4.335260115606936471e-01	4.372294372294372455e-01
2.355555555555555458e-01	6.063348416289592313e-01	4.539007092198581450e-01	5.480000000000000426e-01	4.279661016949152796e-01	4.434389140271493002e-01	4.759999999999999787e-01	2.017543859649122695e-01	5.673469387755102344e-01	4.279835390946502005e-01	1.000000000000000000e+00	5.582524271844659935e-01	4.079422382671480385e-01	6.405529953917050712e-01	5.738396624472573704e-01	2.490974729241877128e-01	1.979166666666666574e-01	4.820717131474103745e-01	1.904761904761904656e-01	6.367521367521367104e-01	4.980694980694980734e-01	1.990521327014218023e-01	5.265151515151514916e-01	6.619047619047618847e-01	2.343096234309623438e-01	3.333333333333333148e-01	4.893617021276595591e-01	6.606334841628959120e-01	3.209302325581395166e-01	5.686274509803921351e-01	6.981132075471697673e-01	3.590733590733590774e-01	5.980861244019138878e-01	4.787644787644787514e-01	4.020100502512563012e-01	2.599277978339349926e-01	1.126126126126126142e-01	6.418604651162790331e-01	3.710407239819004666e-01	6.732673267326733102e-01	4.779116465863453844e-01	5.598290598290598385e-01	5.059760956175298752e-01	5.941422594142259372e-01	4.980079681274900416e-01	5.652173913043477826e-01	2.000000000000000111e-01	4.729064039408866771e-01	4.218750000000000000e-01	2.887323943661971870e-01	3.802083333333333148e-01	7.537688442211055717e-01
3.905325443786982209e-01	6.165803108808289856e-01	3.954372623574144430e-01	5.288888888888888529e-01	5.638297872340425343e-01	5.862068965517240882e-01	4.298245614035087758e-01	3.430232558139534871e-01	5.642201834862384802e-01	4.975369458128078848e-01	5.582524271844659935e-01	1.000000000000000000e+00	4.398340248962655519e-01	5.268292682926829507e-01	5.492957746478873693e-01	3.963133640552995440e-01	3.187772925764192355e-01	4.429824561403508665e-01	2.589285714285714524e-01	4.468085106382978511e-01	4.197530864197530631e-01	1.931818181818181768e-01	4.634146341463414864e-01	6.363636363636363535e-01	3.263157894736842257e-01	5.117647058823528994e-01	4.500000000000000111e-01	6.701030927835051054e-01	4.876543209876543217e-01	5.561797752808989026e-01	6.256410256410256387e-01	4.045454545454545414e-01	5.901639344262294973e-01	4.049586776859503967e-01	5.424836601307189143e-01	4.036697247706422242e-01	1.791907514450866989e-01	5.048543689320388328e-01	5.384615384615384359e-01	6.298342541436463549e-01	5.700483091787439394e-01	5.480769230769231282e-01	4.628820960698690201e-01	4.695652173913043570e-01	5.857142857142857428e-01	7.030303030303030054e-01	3.072916666666666852e-01	5.421686746987951500e-01	5.000000000000000000e-01	3.862660944206008362e-01	5.205479452054794232e-01	4.926829268292682862e-01
2.510288065843621630e-01	4.541984732824427273e-01	7.031250000000000000e-01	4.491228070175438680e-01	4.235294117647058765e-01	3.424124513618677090e-01	5.799999999999999600e-01	2.500000000000000000e-01	5.471698113207547065e-01	4.979919678714859188e-01	4.079422382671480385e-01	4.398340248962655519e-01	1.000000000000000000e+00	5.465587044534413463e-01	4.888059701492537545e-01	3.429602888086642487e-01	3.540145985401459972e-01	7.081545064377682275e-01	3.552123552123552241e-01	4.452296819787985860e-01	7.692307692307692735e-01	1.772151898734177222e-01	5.000000000000000000e-01	4.940239043824701248e-01	3.375000000000000222e-01	3.306122448979592066e-01	6.218181818181818254e-01	4.501845018450184588e-01	3.362068965517241437e-01	4.537815126050420145e-01	4.732824427480916141e-01	5.303643724696356365e-01	5.319148936170212671e-01	5.791505791505791034e-01	3.146551724137930939e-01	3.489208633093525136e-01	1.518987341772151944e-01	4.576923076923076761e-01	3.373983739837398410e-01	4.501992031872509847e-01	4.379562043795620641e-01	4.375000000000000000e-01	5.598455598455598370e-01	6.023622047244094890e-01	6.475409836065574298e-01	4.285714285714285476e-01	2.549019607843137081e-01	3.829787234042553168e-01	5.725806451612903691e-01	3.950177935943060548e-01	2.991071428571428492e-01	3.837638376383764038e-01
2.000000000000000111e-01	5.491071428571429047e-01	5.343511450381679406e-01	5.596707818930041212e-01	4.120171673819742475e-01	4.266055045871559592e-01	5.361702127659574435e-01	2.090909090909090773e-01	5.346938775510203801e-01	4.933920704845815020e-01	6.405529953917050712e-01	5.268292682926829507e-01	5.465587044534413463e-01	1.000000000000000000e+00	6.367713004484304440e-01	2.472324723247232570e-01	2.078853046594981990e-01	5.230125523012552069e-01	1.828358208955223885e-01	6.094420600858369008e-01	5.702479338842975087e-01	1.556603773584905592e-01	4.905660377358490587e-01	6.473429951690821138e-01	2.424242424242424310e-01	3.094170403587443996e-01	5.315985130111524626e-01	6.392694063926940284e-01	2.837209302325581217e-01	5.600000000000000533e-01	6.682464454976303481e-01	4.273858921161825530e-01	6.804123711340206437e-01	5.120967741935483764e-01	3.482587064676617161e-01	2.536764705882352811e-01	9.132420091324200406e-02	6.507177033492822504e-01	3.348416289592759942e-01	6.417910447761193682e-01	5.126050420168066779e-01	6.604651162790697860e-01	5.677966101694915668e-01	6.217391304347825720e-01	5.333333333333333259e-01	5.119617224880382844e-01	1.673469387755102122e-01	4.550000000000000155e-01	4.239999999999999880e-01	2.785714285714285809e-01	3.385416666666666852e-01	5.787037037037037202e-01
2.643171806167400884e-01	5.757575757575758013e-01	5.518518518518518157e-01	6.363636363636363535e-01	5.309734513274336765e-01	5.471698113207547065e-01	5.180722891566265087e-01	2.466960352422907510e-01	5.783132530120481674e-01	5.964125560538116044e-01	5.738396624472573704e-01	5.492957746478873693e-01	4.888059701492537545e-01	6.367713004484304440e-01	1.000000000000000000e+00	3.099630996309963304e-01	2.508833922261484162e-01	5.000000000000000000e-01	2.145454545454545392e-01	6.470588235294117974e-01	5.629921259842519676e-01	2.129629629629629650e-01	5.665399239543725818e-01	6.574074074074074403e-01	3.392070484581498069e-01	3.672566371681416086e-01	5.600000000000000533e-01	6.491228070175438791e-01	3.257918552036199178e-01	5.022831050228310223e-01	6.473214285714286031e-01	4.268774703557312034e-01	5.733944954128440408e-01	5.742971887550201160e-01	3.980582524271844558e-01	3.210332103321033026e-01	1.277533039647577029e-01	6.160714285714286031e-01	4.377880184331797153e-01	6.523809523809523947e-01	5.708333333333333037e-01	6.548672566371681603e-01	5.296442687747036082e-01	5.116279069767442067e-01	5.338645418326692926e-01	5.488372093023256015e-01	2.317073170731707432e-01	5.247524752475247745e-01	4.513618677042801619e-01	3.537906137184115285e-01	3.768844221105527859e-01	6.422018348623853568e-01
5.028901734104046506e-01	3.373015873015873245e-01	3.611111111111111049e-01	3.131672597864768592e-01	5.410628019323671101e-01	4.000000000000000222e-01	3.873517786561264664e-01	5.329341317365269282e-01	4.186046511627907196e-01	4.429824561403508665e-01	2.490974729241877128e-01	3.963133640552995440e-01	3.429602888086642487e-01	2.472324723247232570e-01	3.099630996309963304e-01	1.000000000000000000e+00	6.943005181347150501e-01	3.563218390804597790e-01	5.505050505050504972e-01	2.673611111111111049e-01	3.503649635036496512e-01	2.303664921465968518e-01	3.652482269503546375e-01	3.455284552845528379e-01	4.205128205128205177e-01	6.022727272727272929e-01	3.814432989690721421e-01	3.960000000000000187e-01	5.375722543352601246e-01	3.303964757709251243e-01	3.307392996108949323e-01	4.778761061946902866e-01	3.112033195020746934e-01	2.943262411347517538e-01	4.108108108108108336e-01	9.470588235294117307e-01	3.470588235294117530e-01	2.546816479400749178e-01	4.615384615384615641e-01	3.223140495867768407e-01	3.513513513513513709e-01	3.295019157088122652e-01	4.173228346456692717e-01	3.010752688172043112e-01	3.984375000000000000e-01	3.909090909090909283e-01	5.593220338983050377e-01	3.774509803921568540e-01	4.978354978354978533e-01	5.675675675675675436e-01	3.571428571428571508e-01	2.585551330798478986e-01
3.924731182795698770e-01	2.824427480916030797e-01	3.914590747330961018e-01	2.602739726027397116e-01	4.324324324324324564e-01	3.215859030837004418e-01	4.227642276422764467e-01	5.269461077844311836e-01	4.092664092664092812e-01	3.723849372384936962e-01	1.979166666666666574e-01	3.187772925764192355e-01	3.540145985401459972e-01	2.078853046594981990e-01	2.508833922261484162e-01	6.943005181347150501e-01	1.000000000000000000e+00	3.682170542635658794e-01	6.999999999999999556e-01	2.338983050847457668e-01	3.566176470588235392e-01	1.758793969849246352e-01	3.763440860215053752e-01	2.992125984251968740e-01	4.226804123711340178e-01	4.712041884816753901e-01	3.923611111111111049e-01	3.181818181818181768e-01	4.324324324324324564e-01	2.700421940928269815e-01	2.819548872180451249e-01	4.866071428571428492e-01	2.549800796812748960e-01	2.999999999999999889e-01	3.402061855670103219e-01	6.923076923076922906e-01	3.255813953488372325e-01	2.145454545454545392e-01	3.853658536585365946e-01	2.559055118110236116e-01	2.737226277372262762e-01	2.814814814814814992e-01	4.359999999999999987e-01	3.115942028985507206e-01	3.945312500000000000e-01	3.090128755364807134e-01	4.627659574468084847e-01	2.962962962962962798e-01	4.870689655172413812e-01	5.491071428571429047e-01	2.812500000000000000e-01	2.043795620437956206e-01
2.654867256637168382e-01	4.637096774193548154e-01	7.272727272727272929e-01	4.905660377358490587e-01	4.870689655172413812e-01	3.682008368200836990e-01	6.981981981981981722e-01	2.645739910313901211e-01	6.333333333333333037e-01	4.791666666666666852e-01	4.820717131474103745e-01	4.429824561403508665e-01	7.081545064377682275e-01	5.230125523012552069e-01	5.000000000000000000e-01	3.563218390804597790e-01	3.682170542635658794e-01	1.000000000000000000e+00	3.647540983606557541e-01	5.214007782101167665e-01	8.591549295774647543e-01	2.196261682242990620e-01	5.992217898832684631e-01	5.657894736842105088e-01	3.466666666666666785e-01	3.333333333333333148e-01	6.589147286821704919e-01	5.368852459016393297e-01	3.581395348837209114e-01	4.977168949771689221e-01	5.527426160337552963e-01	5.254237288135593653e-01	5.066079295154185536e-01	6.291666666666666519e-01	3.165137614678898981e-01	3.625954198473282375e-01	1.538461538461538547e-01	5.627705627705628100e-01	3.822222222222222410e-01	5.309734513274336765e-01	3.874538745387454131e-01	4.919999999999999929e-01	6.637931034482759118e-01	7.212389380530973559e-01	6.340425531914893886e-01	4.372294372294372455e-01	2.583333333333333592e-01	4.481132075471698228e-01	5.965665236051501674e-01	4.166666666666666852e-01	3.317073170731707488e-01	4.752066115702479610e-01
3.351955307262569628e-01	2.248062015503876077e-01	4.106463878326996331e-01	2.167832167832167700e-01	3.484162895927601644e-01	2.556053811659192987e-01	3.983050847457627053e-01	5.259740259740259827e-01	3.476562500000000000e-01	3.333333333333333148e-01	1.904761904761904656e-01	2.589285714285714524e-01	3.552123552123552241e-01	1.828358208955223885e-01	2.145454545454545392e-01	5.505050505050504972e-01	6.999999999999999556e-01	3.647540983606557541e-01	1.000000000000000000e+00	2.198581560283688063e-01	3.474903474903475176e-01	1.382978723404255372e-01	3.284671532846715203e-01	2.350597609561753121e-01	3.989071038251366108e-01	4.262295081967212851e-01	3.275261324041811584e-01	2.519083969465648609e-01	4.000000000000000222e-01	2.324561403508771940e-01	2.298850574712643646e-01	4.558139534883721145e-01	2.447257383966244815e-01	2.647058823529411797e-01	2.698412698412698263e-01	5.422885572139303223e-01	3.684210526315789269e-01	1.893939393939393923e-01	3.200000000000000067e-01	2.056451612903225923e-01	2.322097378277153679e-01	2.209737827715355929e-01	4.066390041493775920e-01	2.954545454545454697e-01	3.215686274509804154e-01	2.555066079295154058e-01	4.325842696629213502e-01	2.322274881516587786e-01	4.444444444444444198e-01	4.931506849315068219e-01	2.486187845303867439e-01	1.877394636015325691e-01
1.975806451612903136e-01	6.403508771929824483e-01	5.052631578947368585e-01	4.817518248175182705e-01	4.412955465587044546e-01	4.889867841409691884e-01	5.645161290322581182e-01	2.157676348547717948e-01	5.207547169811320709e-01	4.698795180722891707e-01	6.367521367521367104e-01	4.468085106382978511e-01	4.452296819787985860e-01	6.094420600858369008e-01	6.470588235294117974e-01	2.673611111111111049e-01	2.338983050847457668e-01	5.214007782101167665e-01	2.198581560283688063e-01	1.000000000000000000e+00	5.300751879699248104e-01	1.826086956521739135e-01	5.864661654135338020e-01	6.140350877192982670e-01	3.476394849785407470e-01	3.073770491803278770e-01	5.296167247386759369e-01	5.627530364372469451e-01	2.784810126582278333e-01	5.550458715596330306e-01	6.127659574468085069e-01	3.589743589743589758e-01	5.829596412556053986e-01	5.826771653543306728e-01	3.607305936073059160e-01	2.733564013840830698e-01	1.129707112970711330e-01	7.302325581395349152e-01	3.360995850622406911e-01	5.796460176991150570e-01	5.117187500000000000e-01	5.802469135802469369e-01	5.507812500000000000e-01	5.564202334630350411e-01	4.416058394160584100e-01	4.978165938864628770e-01	1.992337164750957734e-01	4.722222222222222099e-01	4.674329501915708840e-01	3.414634146341463672e-01	3.148148148148148251e-01	6.651583710407239503e-01
2.479338842975206680e-01	4.465648854961832281e-01	8.008298755186722406e-01	5.278810408921933428e-01	4.917355371900826722e-01	3.719999999999999973e-01	7.086956521739130599e-01	2.468619246861924743e-01	6.518218623481781826e-01	5.330578512396694224e-01	4.980694980694980734e-01	4.197530864197530631e-01	7.692307692307692735e-01	5.702479338842975087e-01	5.629921259842519676e-01	3.503649635036496512e-01	3.566176470588235392e-01	8.591549295774647543e-01	3.474903474903475176e-01	5.300751879699248104e-01	1.000000000000000000e+00	2.202643171806167310e-01	5.814814814814814881e-01	5.672268907563025042e-01	3.632478632478632341e-01	3.278688524590163689e-01	7.411764705882353255e-01	5.393700787401575214e-01	3.333333333333333148e-01	4.891774891774891554e-01	5.546558704453441457e-01	5.666666666666666519e-01	5.105485232067510371e-01	6.818181818181817677e-01	3.116883116883116811e-01	3.563636363636363824e-01	1.434599156118143426e-01	5.450819672131147486e-01	3.682008368200836990e-01	5.338983050847457834e-01	4.202898550724637472e-01	5.254901960784313930e-01	6.611570247933884481e-01	7.088607594936708889e-01	6.666666666666666297e-01	4.439834024896265330e-01	2.669322709163346463e-01	4.615384615384615641e-01	5.582329317269075775e-01	3.928571428571428492e-01	3.076923076923077094e-01	4.743083003952568988e-01
3.360000000000000209e-01	1.563981042654028486e-01	2.105263157894736725e-01	2.000000000000000111e-01	2.988505747126437018e-01	1.954022988505747238e-01	2.227488151658767734e-01	7.947019867549669214e-02	2.026431718061673937e-01	2.688172043010752521e-01	1.990521327014218023e-01	1.931818181818181768e-01	1.772151898734177222e-01	1.556603773584905592e-01	2.129629629629629650e-01	2.303664921465968518e-01	1.758793969849246352e-01	2.196261682242990620e-01	1.382978723404255372e-01	1.826086956521739135e-01	2.202643171806167310e-01	1.000000000000000000e+00	2.066115702479338900e-01	1.840796019900497460e-01	1.645569620253164445e-01	2.516556291390728561e-01	1.930501930501930530e-01	2.307692307692307820e-01	2.183098591549295642e-01	2.366863905325443662e-01	2.087378640776698935e-01	2.684210526315789491e-01	1.798941798941798842e-01	1.877729257641921334e-01	1.914893617021276584e-01	2.205128205128205066e-01	1.623931623931623991e-01	1.747572815533980639e-01	2.387096774193548376e-01	2.404371584699453446e-01	1.628959276018099589e-01	1.924882629107981247e-01	2.081447963800905077e-01	2.272727272727272652e-01	2.155963302752293698e-01	2.102272727272727348e-01	2.797202797202797409e-01	3.146853146853146876e-01	2.463054187192118272e-01	1.697247706422018443e-01	1.846153846153846256e-01	1.959798994974874253e-01
2.730923694779116562e-01	5.390625000000000000e-01	5.536332179930796293e-01	5.547445255474452441e-01	4.803149606299212393e-01	5.042016806722688926e-01	5.632183908045976795e-01	3.041666666666666408e-01	6.206896551724138122e-01	5.019455252918287869e-01	5.265151515151514916e-01	4.634146341463414864e-01	5.000000000000000000e-01	4.905660377358490587e-01	5.665399239543725818e-01	3.652482269503546375e-01	3.763440860215053752e-01	5.992217898832684631e-01	3.284671532846715203e-01	5.864661654135338020e-01	5.814814814814814881e-01	2.066115702479338900e-01	1.000000000000000000e+00	5.772357723577236088e-01	4.033613445378151363e-01	3.452380952380952328e-01	6.334519572953736244e-01	5.615384615384615419e-01	3.571428571428571508e-01	4.593495934959349603e-01	6.285714285714285587e-01	4.810606060606060774e-01	5.162601626016259937e-01	5.687732342007435493e-01	3.417721518987341667e-01	3.758865248226950229e-01	1.769547325102880653e-01	5.372549019607842924e-01	3.846153846153846367e-01	5.263157894736841813e-01	4.908424908424908195e-01	5.361216730038023126e-01	6.162790697674418450e-01	7.004048582995950900e-01	6.403162055335968050e-01	5.062240663900414717e-01	2.613636363636363535e-01	4.142259414225941683e-01	5.680933852140077622e-01	4.464285714285714524e-01	3.217391304347825831e-01	5.396825396825396526e-01
2.829268292682926567e-01	6.748768472906403471e-01	5.310077519379845512e-01	6.533333333333333215e-01	5.707317073170731225e-01	5.353535353535353591e-01	5.663716814159291957e-01	3.214285714285714524e-01	6.849315068493150305e-01	5.159817351598173785e-01	6.619047619047618847e-01	6.363636363636363535e-01	4.940239043824701248e-01	6.473429951690821138e-01	6.574074074074074403e-01	3.455284552845528379e-01	2.992125984251968740e-01	5.657894736842105088e-01	2.350597609561753121e-01	6.140350877192982670e-01	5.672268907563025042e-01	1.840796019900497460e-01	5.772357723577236088e-01	1.000000000000000000e+00	3.145539906103286265e-01	3.902439024390244038e-01	5.820312500000000000e-01	7.688442211055276365e-01	3.585858585858585634e-01	6.310160427807486316e-01	8.852459016393442459e-01	4.041666666666666741e-01	7.243243243243243645e-01	5.397489539748954179e-01	4.505494505494505586e-01	3.632653061224490054e-01	1.372549019607843257e-01	6.984924623115578157e-01	4.922279792746113714e-01	7.554347826086956763e-01	5.414847161572052814e-01	6.279069767441860517e-01	5.579399141630900782e-01	5.844155844155843882e-01	5.973451327433628721e-01	6.436170212765957022e-01	2.345132743362831895e-01	5.434782608695651884e-01	5.043103448275861878e-01	3.818897637795275468e-01	4.450867052023121384e-01	6.213592233009708199e-01
3.483870967741935498e-01	3.619047619047618958e-01	3.425196850393700809e-01	2.470588235294117752e-01	4.486486486486486736e-01	4.204545454545454697e-01	4.018691588785046620e-01	4.335664335664335400e-01	3.755458515283842669e-01	4.404145077720207357e-01	2.343096234309623438e-01	3.263157894736842257e-01	3.375000000000000222e-01	2.424242424242424310e-01	3.392070484581498069e-01	4.205128205128205177e-01	4.226804123711340178e-01	3.466666666666666785e-01	3.989071038251366108e-01	3.476394849785407470e-01	3.632478632478632341e-01	1.645569620253164445e-01	4.033613445378151363e-01	3.145539906103286265e-01	1.000000000000000000e+00	4.259259259259259300e-01	3.657587548638132069e-01	3.013100436681222516e-01	4.930555555555555802e-01	3.280423280423280241e-01	2.933333333333333348e-01	4.079601990049750992e-01	3.118811881188118806e-01	3.893805309734513220e-01	4.482758620689655249e-01	4.213197969543147070e-01	2.447552447552447663e-01	3.087557603686635899e-01	3.526011560693641522e-01	3.121951219512195119e-01	3.408071748878923612e-01	2.925764192139738151e-01	3.733333333333333504e-01	3.276595744680850797e-01	3.584070796460177011e-01	3.144329896907216426e-01	3.554216867469879304e-01	4.110429447852760876e-01	3.981042654028436045e-01	4.009433962264151163e-01	3.066666666666666430e-01	3.084112149532710068e-01
5.620437956204379359e-01	3.791469194312795943e-01	3.206106870229007422e-01	3.514644351464434879e-01	5.251396648044692750e-01	4.739884393063583667e-01	3.677130044843049395e-01	4.893617021276595591e-01	4.414414414414414289e-01	4.816753926701570765e-01	3.333333333333333148e-01	5.117647058823528994e-01	3.306122448979592066e-01	3.094170403587443996e-01	3.672566371681416086e-01	6.022727272727272929e-01	4.712041884816753901e-01	3.333333333333333148e-01	4.262295081967212851e-01	3.073770491803278770e-01	3.278688524590163689e-01	2.516556291390728561e-01	3.452380952380952328e-01	3.902439024390244038e-01	4.259259259259259300e-01	1.000000000000000000e+00	3.745173745173744906e-01	4.780487804878048586e-01	7.054263565891473187e-01	3.837837837837838051e-01	3.703703703703703498e-01	4.845360824742268036e-01	3.636363636363636465e-01	3.020408163265306256e-01	5.357142857142856984e-01	6.011235955056180025e-01	3.071428571428571619e-01	3.076923076923077094e-01	4.937500000000000222e-01	3.768844221105527859e-01	3.944954128440367191e-01	3.377777777777777879e-01	4.208144796380090535e-01	3.153526970954356745e-01	4.117647058823529216e-01	4.444444444444444198e-01	5.131578947368421462e-01	4.596273291925465632e-01	4.354066985645932975e-01	4.380952380952380931e-01	4.671532846715328313e-01	3.317757009345794206e-01
2.945736434108527368e-01	5.222222222222222543e-01	6.408450704225352457e-01	5.598591549295774961e-01	5.115384615384614975e-01	4.423076923076922906e-01	6.346153846153845812e-01	3.095238095238095344e-01	6.730038022813688015e-01	5.150375939849624052e-01	4.893617021276595591e-01	4.500000000000000111e-01	6.218181818181818254e-01	5.315985130111524626e-01	5.600000000000000533e-01	3.814432989690721421e-01	3.923611111111111049e-01	6.589147286821704919e-01	3.275261324041811584e-01	5.296167247386759369e-01	7.411764705882353255e-01	1.930501930501930530e-01	6.334519572953736244e-01	5.820312500000000000e-01	3.657587548638132069e-01	3.745173745173744906e-01	1.000000000000000000e+00	5.842696629213482984e-01	3.438735177865612780e-01	4.461538461538461786e-01	5.698113207547169656e-01	5.396226415094339535e-01	5.000000000000000000e-01	6.259259259259258856e-01	3.241106719367589095e-01	3.869863013698630061e-01	1.789883268482490297e-01	5.551330798479087170e-01	3.914728682170542373e-01	5.095785440613026518e-01	5.088967971530249379e-01	6.317829457364341206e-01	6.074074074074073959e-01	6.305970149253731227e-01	6.679536679536679511e-01	4.785992217898832890e-01	2.635379061371841414e-01	4.199999999999999845e-01	5.272727272727272263e-01	4.501718213058419349e-01	3.102040816326530615e-01	4.673913043478261087e-01
3.317535545023696519e-01	5.911111111111111427e-01	5.128205128205127750e-01	6.250000000000000000e-01	6.190476190476190688e-01	5.117370892018778816e-01	5.762711864406779849e-01	3.317307692307692180e-01	7.276785714285713969e-01	5.021459227467811592e-01	6.606334841628959120e-01	6.701030927835051054e-01	4.501845018450184588e-01	6.392694063926940284e-01	6.491228070175438791e-01	3.960000000000000187e-01	3.181818181818181768e-01	5.368852459016393297e-01	2.519083969465648609e-01	5.627530364372469451e-01	5.393700787401575214e-01	2.307692307692307820e-01	5.615384615384615419e-01	7.688442211055276365e-01	3.013100436681222516e-01	4.780487804878048586e-01	5.842696629213482984e-01	1.000000000000000000e+00	4.000000000000000222e-01	5.454545454545454142e-01	7.451923076923077094e-01	4.199999999999999845e-01	6.201923076923077094e-01	5.137254901960783826e-01	4.387755102040816202e-01	4.079999999999999738e-01	1.682242990654205517e-01	6.036036036036036556e-01	4.641148325358851467e-01	7.222222222222222099e-01	5.142857142857142350e-01	6.140350877192982670e-01	5.809128630705394647e-01	5.867768595041322754e-01	5.924369747899159711e-01	6.029411764705882026e-01	3.083700440528634457e-01	5.408163265306122902e-01	5.102880658436214079e-01	3.924528301886792692e-01	4.179894179894179662e-01	5.927601809954751166e-01
5.714285714285713969e-01	3.414634146341463672e-01	3.306451612903225645e-01	3.008474576271186196e-01	5.297619047619047672e-01	4.484848484848484862e-01	3.568075117370891891e-01	4.696969696969697239e-01	4.339622641509434109e-01	4.510869565217391353e-01	3.209302325581395166e-01	4.876543209876543217e-01	3.362068965517241437e-01	2.837209302325581217e-01	3.257918552036199178e-01	5.375722543352601246e-01	4.324324324324324564e-01	3.581395348837209114e-01	4.000000000000000222e-01	2.784810126582278333e-01	3.333333333333333148e-01	2.183098591549295642e-01	3.571428571428571508e-01	3.585858585858585634e-01	4.930555555555555802e-01	7.054263565891473187e-01	3.438735177865612780e-01	4.000000000000000222e-01	1.000000000000000000e+00	3.483146067415730518e-01	3.397129186602870776e-01	5.027624309392265678e-01	3.229166666666666852e-01	3.173913043478260865e-01	5.426356589147286469e-01	5.284090909090909394e-01	3.046875000000000000e-01	2.816901408450704358e-01	4.294871794871794601e-01	3.650793650793650591e-01	3.584905660377358250e-01	3.073394495412843930e-01	3.860465116279069853e-01	3.377777777777777879e-01	4.299516908212560606e-01	4.352941176470588314e-01	4.557823129251700744e-01	4.503311258278145934e-01	4.343434343434343647e-01	3.816425120772946600e-01	4.682539682539682557e-01	3.186274509803921351e-01
2.513368983957219305e-01	5.948717948717948678e-01	4.409448818897637734e-01	4.595744680851063801e-01	5.181347150259066892e-01	5.027322404371584730e-01	5.186915887850467310e-01	2.921348314606741492e-01	4.847161572052401945e-01	4.780487804878048586e-01	5.686274509803921351e-01	5.561797752808989026e-01	4.537815126050420145e-01	5.600000000000000533e-01	5.022831050228310223e-01	3.303964757709251243e-01	2.700421940928269815e-01	4.977168949771689221e-01	2.324561403508771940e-01	5.550458715596330306e-01	4.891774891774891554e-01	2.366863905325443662e-01	4.593495934959349603e-01	6.310160427807486316e-01	3.280423280423280241e-01	3.837837837837838051e-01	4.461538461538461786e-01	5.454545454545454142e-01	3.483146067415730518e-01	1.000000000000000000e+00	6.040609137055837907e-01	4.392523364485981241e-01	6.666666666666666297e-01	4.303797468354430555e-01	4.779874213836478036e-01	3.377192982456140302e-01	1.153846153846153910e-01	6.093750000000000000e-01	4.230769230769230727e-01	5.978260869565217295e-01	4.930875576036866104e-01	5.070422535211267512e-01	5.113122171945700956e-01	4.977777777777777635e-01	4.954954954954954860e-01	5.909090909090909394e-01	2.254901960784313764e-01	5.937500000000000000e-01	5.311004784688995173e-01	3.416666666666666741e-01	4.444444444444444198e-01	5.803108808290154963e-01
